8022
25357
89879
80119
50290
9297
30571
7414
30978
16408
80109
55736
15357
80887
35014
16523
50286
34813
77562
54746
22680
19705
77000
27634
21008
64994
66109
37855
36383
68548
96070
83051
58026
44726
35748
61287
559
81318
50443
1570
75244
56265
17694
48033
56523
51253
85750
42760
11877
15962
75494
87283
40396
49574
82682
63579
37278
53548
66081
67753
56337
3356
94525
89574
4413
82294
56060
95493
80865
66242
16065
62145
23147
83763
62381
76841
91706
9268
64814
80809
14039
73355
81905
36402
27221
79607
91763
11631
76396
69905
11073
71281
54345
19047
34376
3193
74258
62712
1823
21232
87890
21545
37136
23060
5385
4620
39111
35914
60310
19178
44671
45736
9216
12585
11302
33096
13967
57004
64196
73929
24800
25081
90033
45919
54827
73950
56978
8133
61900
47769
631
2284
60074
35959
57158
90990
27935
99927
41785
32660
4328
42067
8743
38613
21100
77864
6523
6927
82930
35846
31785
41846
72387
59334
65520
93781
55840
80842
59022
23298
27709
96791
75635
52899
66831
